<Vendor>
    Ledmotive Technologies S.L.
<Model>
    BOSON_B1
<Serial>
    LT-B0000000001
<Number of channels>
    13
<LEDs per Channel>
    1 1 1 1 2 1 2 6 3 3 1 1 1
<Peak Wavelengths (nm)>
    447 452 469 475 498 518 530 606 598 605 638 658 665
<Temperature (ºC)>
    25
<Current per LED per channel (mA)>
    700 700 700 700 700 700 700 700 700 700 700 700 700
<Voltage per LED per channel (V)>
    3.03    3.11    3.13    3.23    2.99    2.98    2.94    3.13    3.30    3.13    2.19    2.29    2.30
<Flux (lm)>
    1.8513294e+01   2.1611151e+01   3.3255845e+01   4.3722405e+01   1.2996991e+02   9.4410579e+01   1.8846652e+02   3.9861781e+02   1.8685675e+02   1.9683374e+02   4.7884442e+01   2.4788790e+01   1.9849492e+01
<Power (W)>
    2.1210000e+00   2.1770000e+00   2.1910000e+00   2.2610000e+00   4.1860000e+00   2.0860000e+00   4.1160000e+00   1.3146000e+01   6.9300000e+00   6.5730000e+00   1.5330000e+00   1.6030000e+00   1.6100000e+00
<Normalized Spectra>
   2.2322529e-05   1.2042878e-05   1.2893561e-05   5.8254437e-06   2.3540074e-06   7.2498313e-07  -7.2934703e-07   9.9531933e-06   1.0817934e-06   5.4187913e-06   1.3233989e-05   7.1874553e-06  -2.0742627e-06
   6.4591340e-07   5.7199167e-06   1.3123837e-05   9.5484500e-06   3.1040771e-06  -7.4887163e-07   2.6877112e-06   4.6695893e-06   6.3496840e-07   2.7993101e-06   2.3293434e-07  -3.7895040e-06  -1.0805295e-06
   2.2441991e-05   7.3879490e-06   6.9677417e-06  -4.2475953e-06  -3.2896917e-06   7.4692973e-07   4.3957210e-06   5.5179127e-06  -2.0069736e-06   4.3316177e-06   1.7599941e-06  -4.8454500e-06  -1.7025095e-07
   1.1156430e-05   4.9324007e-06   3.0951094e-06   3.9722917e-06   2.3087025e-06   2.0332201e-06  -6.7668163e-07   5.9414447e-06   2.4210299e-06   1.8232332e-06   2.7910593e-06  -7.5243483e-06   2.3781265e-06
   8.8862417e-06   1.1536371e-05   7.3374210e-06   5.2601063e-06   4.1663657e-06  -4.5771730e-08   4.6596760e-06   9.7727183e-06   8.8032417e-07   5.8434993e-06   9.8590503e-06   3.9020780e-06   5.0587527e-06
   3.0256342e-05   2.1566627e-05   1.9925164e-06   6.7246980e-06   2.6710049e-06   3.5717760e-07  -1.4504995e-08   9.0623433e-06   3.7496330e-06   6.5660443e-06  -1.0218991e-06  -1.2430850e-06  -2.6335927e-06
   5.7086100e-05   5.0316630e-05   1.0176122e-05   3.4313257e-06   2.2846438e-06   1.5885849e-06   2.6914475e-06   3.5474883e-05   9.6347480e-07   1.7394791e-05   1.2576241e-06   5.3134723e-08   7.4972450e-06
   1.5685067e-04   1.2388855e-04   8.1545603e-06   7.3860707e-06   5.8950933e-06   2.0917917e-06   4.8794603e-06   1.0209647e-04   1.8738503e-06   4.8692587e-05   6.9145213e-06   3.2788263e-06  -4.5375323e-07
   5.1568623e-04   3.7692567e-04   2.5410775e-05   1.0835731e-05   5.1940720e-06  -9.2137453e-08   1.8153852e-06   2.5179714e-04   1.0831569e-05   1.1748921e-04  -4.0738713e-06  -3.0014076e-06   1.9933801e-06
   1.3998051e-03   9.7171273e-04   3.8801137e-05   1.4878663e-05   1.5068739e-05   2.3030698e-06   1.7380846e-06   5.1676233e-04   2.2984236e-05   2.4495773e-04   1.5596042e-08  -1.2106402e-06   4.1298860e-06
   3.3164093e-03   2.2239289e-03   9.0688663e-05   3.6899007e-05   1.4730143e-05   3.9570140e-06   3.2238429e-06   9.3753173e-04   4.4864260e-05   4.4466797e-04   5.7910883e-07   4.2715413e-06   1.4055898e-06
   7.0096597e-03   4.5120507e-03   2.1854507e-04   9.0584713e-05   3.3498163e-05   5.4753903e-06   6.8680003e-06   1.5706018e-03   7.2666073e-05   7.4662183e-04  -3.3982287e-06  -5.1161630e-07  -2.7721742e-06
   1.3417578e-02   8.1936170e-03   4.9902810e-04   2.0617408e-04   5.9712357e-05   1.0874821e-05   5.3201183e-06   2.4780105e-03   7.2982343e-05   1.1790233e-03   7.6125127e-06   2.9104212e-06   1.9561233e-06
   1.9676059e-02   1.3164087e-02   1.0982612e-03   4.5943133e-04   1.0319433e-04   1.4978359e-05   1.0713590e-05   3.3847203e-03   5.1367763e-05   1.6778334e-03  -4.8767477e-07   2.2993053e-06   2.5816063e-06
   1.8418672e-02   1.7551596e-02   2.2543720e-03   9.4050777e-04   1.7241448e-04   2.2097592e-05   1.7214859e-05   3.3866173e-03   3.4580950e-05   1.7557137e-03   1.8790481e-06  -5.2330947e-06   3.3432307e-06
   1.1927513e-02   1.6607977e-02   4.5058760e-03   1.9442430e-03   3.1177987e-04   2.8565915e-05   2.9475209e-05   2.5868022e-03   2.5611230e-05   1.3967238e-03   1.0579927e-06   2.6016405e-06   4.4638213e-07
   7.3285763e-03   1.1115581e-02   8.2068247e-03   3.7221970e-03   5.3793247e-04   3.9351407e-05   4.0619900e-05   1.9714800e-03   1.7473354e-05   1.0598626e-03   3.2717568e-06   7.0085057e-07   2.3943875e-06
   4.5075867e-03   6.8177950e-03   1.2309502e-02   6.7603850e-03   9.7354203e-04   5.7544493e-05   5.7820173e-05   1.6143246e-03   1.4414062e-05   8.6713427e-04   6.0259500e-06   9.5041700e-08  -1.1854003e-06
   2.5512837e-03   4.3116543e-03   1.3394542e-02   1.0848653e-02   1.7132713e-03   9.4546957e-05   7.7313570e-05   1.3470413e-03   9.2389607e-06   7.2414500e-04  -1.3533273e-06   2.2887003e-06   2.5292437e-06
   1.5054815e-03   2.5610287e-03   1.0700410e-02   1.3383702e-02   3.0206988e-03   1.5599321e-04   1.1979359e-04   1.2506144e-03   8.1531083e-06   6.5423397e-04   1.2650628e-06   6.1381250e-06   1.6950628e-08
   9.0495633e-04   1.5086823e-03   7.1054133e-03   1.1800252e-02   5.0125853e-03   2.7565561e-04   1.9416730e-04   1.2999922e-03   5.3300267e-06   6.6836710e-04   2.5018971e-06   1.6745619e-06   3.5867167e-06
   5.6101700e-04   9.3172223e-04   4.6419870e-03   8.3656170e-03   7.8978180e-03   4.7868417e-04   3.1795343e-04   1.4625094e-03   5.8836577e-06   7.4653667e-04   1.3567630e-06   2.0842858e-06   1.4670103e-06
   3.3824830e-04   5.7772303e-04   3.0087072e-03   5.6132523e-03   1.1219912e-02   8.3173163e-04   5.4766993e-04   1.7166416e-03   6.5290540e-06   8.5831017e-04  -3.3337257e-06   1.8084099e-06   1.4412618e-06
   2.1905717e-04   3.4645310e-04   1.8412883e-03   3.7197317e-03   1.3338091e-02   1.3613630e-03   9.1284587e-04   1.9934229e-03   6.9916610e-06   9.8170160e-04   1.2881331e-06  -2.9347432e-07  -1.8978885e-06
   1.4688788e-04   2.3817069e-04   1.1465378e-03   2.4129757e-03   1.3263658e-02   2.1821023e-03   1.4913005e-03   2.3200138e-03   8.8245663e-06   1.1346272e-03   2.0610237e-06   1.6949566e-06   9.4764103e-07
   1.0604363e-04   1.5794639e-04   7.3188433e-04   1.4787110e-03   1.0989409e-02   3.1856504e-03   2.3632953e-03   2.6021579e-03   1.3383510e-05   1.2608158e-03  -3.3998477e-07  -2.4092836e-06  -1.1819219e-06
   8.6848847e-05   1.2003698e-04   4.6110807e-04   9.2947393e-04   8.2285560e-03   4.1780407e-03   3.5982473e-03   2.8604265e-03   2.1855441e-05   1.4008091e-03   2.4465496e-06   1.1777756e-06   3.0471179e-06
   7.7763863e-05   9.2697773e-05   2.9549436e-04   6.1415557e-04   5.9925600e-03   4.8771893e-03   5.0972137e-03   3.1253327e-03   4.1308410e-05   1.5243371e-03   3.2849166e-06   2.7527431e-06   2.0297055e-07
   7.4205440e-05   9.1076977e-05   2.0919685e-04   4.0207770e-04   4.3177013e-03   4.9355900e-03   6.6773750e-03   3.3759713e-03   6.9549317e-05   1.6471822e-03   5.9287270e-06   4.6909947e-06  -2.1547450e-07
   6.5292123e-05   7.9580343e-05   1.4654580e-04   2.6223419e-04   2.9878996e-03   4.3544830e-03   7.7600470e-03   3.6363507e-03   1.2629580e-04   1.7754394e-03  -2.7032667e-07   1.1129208e-06   5.6248653e-06
   6.6898170e-05   7.2038377e-05   1.1094440e-04   1.8151407e-04   2.0780403e-03   3.5185380e-03   8.0104547e-03   3.9395670e-03   2.1762361e-04   1.9254997e-03   3.2951493e-06   1.0819441e-06   7.5978283e-06
   6.1034690e-05   6.6094957e-05   8.6616393e-05   1.3059724e-04   1.4004797e-03   2.6788699e-03   7.2182393e-03   4.1949370e-03   3.5709153e-04   2.0497832e-03  -1.0870122e-06  -1.3994139e-06  -1.2559767e-06
   6.2005957e-05   7.0612977e-05   7.1363550e-05   9.4199457e-05   9.5476800e-04   1.9938473e-03   5.9399587e-03   4.4908910e-03   5.7572890e-04   2.1924234e-03   4.5596350e-06   3.8202323e-06   3.2999918e-06
   6.0865533e-05   6.1892863e-05   6.1569277e-05   7.5141720e-05   6.6429990e-04   1.4879435e-03   4.6931623e-03   4.7972630e-03   8.8795477e-04   2.3560921e-03   1.6735721e-06  -2.5110445e-07  -8.5813120e-08
   6.4741877e-05   6.5567520e-05   5.6749820e-05   6.0987007e-05   4.5521130e-04   1.0658630e-03   3.6106847e-03   5.1273370e-03   1.3104458e-03   2.5029827e-03   1.4797975e-06  -3.5720597e-08   1.8113461e-06
   5.7895603e-05   6.3008913e-05   5.6073097e-05   5.6962127e-05   3.1079130e-04   7.4559853e-04   2.7346149e-03   5.4273557e-03   1.8393406e-03   2.6565347e-03   2.4327115e-06   1.5914583e-06   3.1426477e-06
   6.6140947e-05   6.5275233e-05   5.3319327e-05   5.1951903e-05   2.2204618e-04   5.2645610e-04   2.0079952e-03   5.7205157e-03   2.4746439e-03   2.8217025e-03  -4.8906880e-08   1.8830272e-06   2.5362192e-06
   6.6963400e-05   6.4492527e-05   5.1049000e-05   4.6450730e-05   1.6074637e-04   3.7356387e-04   1.4638232e-03   6.0770420e-03   3.1672919e-03   2.9995012e-03   4.9783507e-06  -1.2527752e-06   3.2977698e-07
   7.0933417e-05   7.2233490e-05   4.9233627e-05   4.4269603e-05   1.2057600e-04   2.7101383e-04   1.0668377e-03   6.4567937e-03   3.8934123e-03   3.1905616e-03   1.3953789e-05   3.1162923e-06   2.4293560e-06
   7.2136340e-05   7.7770157e-05   5.1102843e-05   4.4814200e-05   9.6429713e-05   1.8868528e-04   7.7488047e-04   6.8126093e-03   4.5646063e-03   3.3644413e-03   2.1539030e-05   5.4630483e-06   3.4099583e-06
   7.0718907e-05   7.0964060e-05   5.2567860e-05   4.5325527e-05   7.7689760e-05   1.3829713e-04   5.6246157e-04   7.1726857e-03   5.1227467e-03   3.5422070e-03   3.4617990e-05   1.2325329e-05   5.6529433e-06
   7.2973137e-05   6.8613383e-05   5.5485110e-05   4.5327187e-05   7.3854200e-05   9.8143083e-05   4.1424750e-04   7.5076643e-03   5.5701330e-03   3.7147173e-03   6.6080537e-05   2.0544242e-05   1.7356272e-05
   6.8074713e-05   7.4447617e-05   5.1139233e-05   4.8086827e-05   6.4166617e-05   7.3941617e-05   2.9777036e-04   7.7509350e-03   5.8169790e-03   3.8455487e-03   1.1627911e-04   3.5042793e-05   1.7943846e-05
   6.4126763e-05   7.7501073e-05   5.2654633e-05   5.0400250e-05   6.2282077e-05   5.7441810e-05   2.2416300e-04   7.9561767e-03   5.9588877e-03   3.9636643e-03   2.1066330e-04   5.9093327e-05   3.1200993e-05
   7.0285763e-05   7.4497393e-05   5.8749947e-05   4.5741127e-05   6.0757373e-05   4.5724010e-05   1.6752389e-04   8.1098157e-03   5.9349250e-03   4.0248203e-03   3.6519660e-04   9.0997620e-05   5.8599000e-05
   6.8353537e-05   7.2880113e-05   5.6463093e-05   5.4065497e-05   5.7829153e-05   3.8536667e-05   1.2793150e-04   8.2474483e-03   5.8315587e-03   4.0864810e-03   6.4398033e-04   1.5562414e-04   9.7679827e-05
   6.4848907e-05   7.6845457e-05   5.4834873e-05   4.8465307e-05   5.4746760e-05   3.0000880e-05   9.8544063e-05   8.2033170e-03   5.5983360e-03   4.0658650e-03   1.1021651e-03   2.7033084e-04   1.7480535e-04
   7.0864647e-05   6.7200453e-05   5.2285250e-05   4.5933000e-05   5.3533123e-05   2.5964640e-05   7.7556883e-05   8.0956960e-03   5.3067903e-03   4.0286163e-03   1.9063230e-03   4.2803010e-04   2.7576539e-04
   7.0562443e-05   7.8511967e-05   5.1903247e-05   4.2729117e-05   5.1921363e-05   2.2447586e-05   6.2280587e-05   7.9522487e-03   4.9649153e-03   3.9390307e-03   3.2678149e-03   7.3452723e-04   4.5284820e-04
   6.4400457e-05   6.5477123e-05   5.5676377e-05   4.5573730e-05   4.8088157e-05   2.3479374e-05   5.3402397e-05   7.6893050e-03   4.5566803e-03   3.8117710e-03   5.4949177e-03   1.1803551e-03   7.4275637e-04
   5.9542213e-05   6.6965557e-05   4.9722253e-05   4.8254340e-05   5.6279110e-05   2.0956939e-05   4.5491360e-05   7.4024537e-03   4.1916987e-03   3.6883457e-03   8.9128307e-03   1.9042431e-03   1.2025237e-03
   6.0880873e-05   4.8094973e-05   4.4388563e-05   4.3839683e-05   4.6663290e-05   1.7406479e-05   3.9698377e-05   7.0220233e-03   3.7797573e-03   3.4890767e-03   1.3185957e-02   2.9859095e-03   1.9147425e-03
   5.6529723e-05   4.9604493e-05   5.0586550e-05   4.3899150e-05   4.5213507e-05   1.5462427e-05   3.4598470e-05   6.6338410e-03   3.3891993e-03   3.2963254e-03   1.3718735e-02   4.5121833e-03   3.0546769e-03
   4.9470947e-05   5.7602107e-05   3.9840390e-05   3.3705770e-05   4.8753350e-05   1.4879619e-05   3.0560682e-05   6.2628497e-03   3.0652869e-03   3.1156309e-03   7.6919897e-03   6.6315073e-03   4.6627023e-03
   4.1288693e-05   4.7366750e-05   3.7361593e-05   3.3957173e-05   4.1626853e-05   1.5640844e-05   2.6839493e-05   5.8200653e-03   2.6971647e-03   2.9004216e-03   3.1400619e-03   9.8237670e-03   6.6452300e-03
   4.0524793e-05   4.7274820e-05   3.8186510e-05   2.8115947e-05   3.6940587e-05   1.3372921e-05   2.6375694e-05   5.3658163e-03   2.3714842e-03   2.6665327e-03   1.3005069e-03   1.3413230e-02   9.5301117e-03
   3.5234213e-05   3.5806653e-05   3.7013583e-05   2.8307309e-05   4.0442240e-05   1.2902418e-05   2.0902598e-05   4.8859550e-03   2.0684329e-03   2.4418970e-03   5.7501913e-04   1.3921352e-02   1.2995082e-02
   2.5981893e-05   3.2893881e-05   3.3327916e-05   2.2180100e-05   3.3960180e-05   1.0669745e-05   1.8442797e-05   4.4262607e-03   1.7903514e-03   2.2062681e-03   2.6671866e-04   8.0331143e-03   1.4784120e-02
   2.7072095e-05   3.1969702e-05   3.0117032e-05   2.7236798e-05   2.9522258e-05   1.0927088e-05   1.4990187e-05   3.9911233e-03   1.5397578e-03   1.9895344e-03   1.4067219e-04   3.3611010e-03   1.0266506e-02
   2.9109291e-05   2.5393406e-05   2.2696249e-05   2.6355078e-05   2.4413021e-05   8.9867470e-06   1.3711369e-05   3.5898610e-03   1.3437531e-03   1.7984049e-03   6.4761497e-05   1.4355953e-03   4.4792440e-03
   2.3405341e-05   2.3342426e-05   1.8907531e-05   1.4946661e-05   1.9363441e-05   1.0397808e-05   1.3983548e-05   3.2387966e-03   1.1674827e-03   1.6164637e-03   3.6352303e-05   6.5776953e-04   1.9019536e-03
   2.9379718e-05   2.4988597e-05   1.6738333e-05   1.6546907e-05   1.9252632e-05   8.5168823e-06   1.1078770e-05   2.8658762e-03   9.8898690e-04   1.4361448e-03   2.7525324e-05   3.0159863e-04   8.4205437e-04
   2.3293515e-05   1.6844348e-05   1.7111176e-05   1.9723838e-05   1.6526386e-05   7.5618020e-06   9.8425823e-06   2.5277103e-03   8.4309153e-04   1.2661280e-03   1.2831071e-05   1.4849813e-04   3.9408097e-04
   1.5689470e-05   2.5453767e-05   1.4584562e-05   2.0535829e-05   2.2059006e-05   8.2773123e-06   1.0979173e-05   2.2367131e-03   7.1241557e-04   1.1124790e-03   1.2348366e-05   8.4062243e-05   2.1005586e-04
   1.3575115e-05   2.2969448e-05   1.1091824e-05   6.4900543e-06   1.3683497e-05   5.2423537e-06   7.0130520e-06   1.9677462e-03   6.1824073e-04   9.8582713e-04   1.2764318e-05   5.3043460e-05   1.2149422e-04
   2.0978549e-05   1.2989298e-05   1.4324222e-05   1.3098697e-05   1.4029082e-05   4.1597670e-06   6.2238977e-06   1.7321083e-03   5.2936873e-04   8.6997743e-04   5.4965377e-06   3.4486127e-05   7.8432190e-05
   1.4306997e-05   1.9024078e-05   1.7472784e-05   1.5002199e-05   1.6150165e-05   4.9635297e-06   6.7729860e-06   1.5200349e-03   4.5487647e-04   7.6339043e-04   6.3871880e-06   2.3756861e-05   5.5809857e-05
   4.7525217e-06   1.4675614e-05   9.3640450e-06   9.6636277e-06   1.0925207e-05   3.9939247e-06   6.4196183e-06   1.3507375e-03   3.8812680e-04   6.7748933e-04   7.6068987e-06   1.9311810e-05   3.2108335e-05
   9.5531350e-06   1.3139161e-05   9.0163197e-06   1.2477946e-05   1.4957397e-05   4.4161433e-06   3.5037730e-06   1.1748248e-03   3.2803017e-04   5.8163370e-04   2.0118076e-06   1.0280302e-05   2.4097042e-05
   9.5253933e-06   5.2846313e-06   6.8657070e-06   3.3709840e-06   2.2852521e-06   5.6265327e-06   4.2345160e-06   1.0122240e-03   2.8167258e-04   5.0978523e-04   2.0993933e-06   4.5033157e-06   1.8582753e-05
   6.6208960e-06   2.2126817e-06   1.0279138e-05   9.8874673e-06   6.7022997e-06   2.7388534e-06   5.0518110e-06   8.6710037e-04   2.3572874e-04   4.4580560e-04   1.8380275e-07   5.3655477e-06   1.1773727e-05
   9.6592700e-06   7.9616793e-06   7.3799283e-06   1.0006478e-05   1.0153058e-05   3.5985590e-06   2.7615787e-06   7.6276717e-04   2.0431304e-04   3.8886613e-04   1.9470597e-06   4.0706117e-06   6.9755650e-06
   1.0395740e-05   9.6353913e-06   7.8034503e-06   3.1090212e-08   1.4416114e-06   1.4059848e-06   2.6353383e-06   6.6443970e-04   1.7844476e-04   3.3711510e-04   2.6969093e-06   8.2767683e-06   1.2270147e-05
   2.1317796e-06   6.8251443e-06   4.8925867e-06   8.5208427e-06   3.9592917e-06  -1.5197148e-07   3.9275437e-06   5.7973597e-04   1.4608163e-04   2.9391181e-04  -4.7329637e-06   9.1578137e-07   2.6181270e-06
   9.3279230e-06  -1.6141295e-07   1.5041646e-06   3.8009873e-06  -3.4464703e-06  -1.3092064e-06  -2.9055465e-08   5.0146013e-04   1.2552871e-04   2.5096830e-04   1.5370421e-06   1.6866246e-06   7.0800590e-06
   1.0645083e-05  -2.0298542e-06  -1.3931415e-06  -4.6799167e-06   3.4686770e-06  -6.2844497e-07  -2.7474486e-06   4.3860793e-04   1.1247187e-04   2.1878978e-04  -5.3873080e-07   1.7521659e-06   5.4612360e-06
   2.0426190e-06   2.4016758e-06   6.1275433e-06   7.0098270e-06   1.4198365e-05  -7.2815050e-07   7.2165487e-07   3.7974237e-04   9.6882710e-05   1.8936522e-04  -3.7279247e-06  -2.6230587e-07   1.4921305e-06
  -7.9050977e-07   7.9239403e-06  -4.4048437e-06  -1.6408564e-06  -6.8374280e-06   2.3461042e-06   6.8344470e-07   3.2501184e-04   8.3603553e-05   1.6547844e-04  -1.8997934e-06   1.5176580e-06   8.4111910e-06
  -3.6687193e-08  -1.7702560e-06   2.5947307e-06   2.7346465e-06   5.6763907e-06   1.3186129e-06   2.9137664e-06   2.7860273e-04   7.2828903e-05   1.4067067e-04  -3.5830937e-07   4.8365347e-06   1.6094676e-06
   6.4949670e-06   6.6681883e-06   8.0691087e-06  -2.0876757e-07   1.7522486e-06   1.5880573e-06   1.0317039e-06   2.4394610e-04   6.5555997e-05   1.2086525e-04   1.0727556e-05   1.8764826e-06   7.8930317e-06
   1.5614559e-06   6.3080433e-06   2.9056817e-06   3.6801127e-06   1.0448858e-05   4.3938433e-07   3.6523237e-06   2.1055900e-04   5.1694620e-05   1.0290455e-04  -2.0671422e-06   6.0972520e-06   7.4472027e-06

